Diesel
x         | y
----------------
   -20000 |  0.0
        0 |  5.8
   200000 | 28.0
   220000 | 28.0

EV (China mix)
x         | y
----------------
   -20000 |  0.0
        0 | 11.4
   200000 | 36.6
   220000 | 36.6

EV (EU-28 mix)
x         | y
----------------
   -20000 |  0.0
        0 | 11.4
   200000 | 23.8
   220000 | 23.8

EV (German mix)
x         | y
----------------
   -20000 |  0.0
        0 | 11.4
   200000 | 28.8
   220000 | 28.8

EV (US mix)
x         | y
----------------
   -20000 |  0.0
        0 | 11.4
   200000 | 28.4
   220000 | 28.4

EV (100% wind power)
x         | y
----------------
   -20000 |  0.0
        0 | 11.4
   200000 | 11.8
   220000 | 11.8

EV (EU-28 mix, scenario: sold today)
x         | y
----------------
   -20000 |  0.0
        0 | 11.4
    11300 | 12.1
    22600 | 12.8
    33900 | 13.4
    45200 | 14.1
    56500 | 14.7
    67800 | 15.3
    79100 | 15.8
    90400 | 16.4
   101700 | 16.9
   113000 | 17.4
   124300 | 17.8
   135600 | 18.3
   146900 | 18.7
   158200 | 19.1
   169500 | 19.5
   180800 | 19.8
   192100 | 20.1
   200000 | 20.4
   220000 | 20.4

EV (EU-28 mix, scenario: sold in 10 years)
x         | y
----------------
   -20000 |  0.0
        0 |  9.8
    11300 | 10.2
    22600 | 10.7
    33900 | 11.1
    45200 | 11.5
    56500 | 11.9
    67800 | 12.2
    79100 | 12.5
    90400 | 12.8
   101700 | 13.1
   113000 | 13.4
   124300 | 13.6
   135600 | 13.8
   146900 | 14.0
   158200 | 14.2
   169500 | 14.3
   180800 | 14.4
   192100 | 14.5
   200000 | 14.6
   220000 | 14.6